		Матрица смежности
	   A1 B1 C1 D1 E1 F1 G1 H1 I1 J1 
	K1 0  0  0  0  1  0  0  1  0  0  
	L1 0  0  0  0  1  0  0  0  0  1  
	M1 0  0  0  0  1  0  0  0  0  0  
	N1 0  0  0  0  0  0  0  1  0  1  
	O1 0  0  1  0  0  0  0  0  0  0  
	P1 0  1  0  0  0  0  0  0  0  0  
	Q1 0  0  0  0  1  0  0  0  0  0  
	R1 0  0  0  0  0  0  0  0  0  0  
	S1 0  0  0  0  0  1  1  0  0  1  
	T1 1  0  0  0  0  0  0  0  0  0  

Процент связности графа: 31,11111%
Паросочетание: A1-O1 B1-T1 D1-R1 E1-M1 F1-L1 I1-P1 J1-K1 	7

__________________________________________________________________________________________
